1069
1071
1080
1091
1135
1163
1168
1169
1178
1199
1200
1201
1210
1239
1254
1257
1260
1262
1263
1269
1284
1287
1290
1294
1298
1305
1310
1314
1318
1322
1323
1326
1333
1363
1375
1393
1394
1397
1398
1410
1411
1412
1421
1423
1479
1481
1483
1484
1496
1498
1499
1501
1506
1531
1563
1570
1575
1582
1585
1586
1613
1614
1619
1620
1622
1623
1624
1625
1628
1638
1644
1701
1704
1708
1710
1714
1720
1721
1727
1744
1754
1758
1760
1764
1782
1784
1792
1800
1812
1819
1822
1826
1832
1836
1837
1839
1866
1869
1893
1913
1915
1917
1924
1966
1969
1972
1979
1980
1982
1997
1998
2028
2035
2048
2049
2053
2056
2058
2059
2062
2066
2075
2084
2088
2099
2104
2105
2108
2121
2136
2187
2195
2202
2204
2228
2229
2243
2245
2266
2270
2272
2276
2278
2283
2289
2290
2292
2305
2327
2328
2346
236
2360
238
2384
2387
2391
242
2426
243
2430
2443
2452
2455
2456
2460
2462
2480
2491
2496
2499
2505
2509
2513
2528
2530
2534
2547
2554
2558
2559
261
2612
2614
2617
2642
2645
2656
2661
2668
267
2671
2672
2700
2702
2704
2705
2737
2738
2800
2861
2892
2893
2895
2911
2912
2919
2951
2966
3013
302
304
305
3069
3104
312
3131
3171
3208
3215
3218
331
3333
3338
341
3433
3437
3504
382
389
392
393
394
399
4006
401
402
4022
4047
405
407
409
4216
4223
431
433
434
435
444
447
449
452
4527
460
4601
4605
462
471
4716
4718
4740
4886
4887
4912
4913
4916
4925
4944
4955
4956
4963
5021
5022
5075
5083
5089
5090
5097
5106
5119
5123
5148
5160
5162
5175
5210
5213
5217
5268
527
5274
5287
5298
5312
5316
5319
534
5347
5352
5355
5386
5427
5440
5458
5461
5506
5525
5528
5532
5536
5573
5574
5591
5597
5634
565
5667
567
5697
576
5764
5767
5771
5775
625
631
633
635
640
656
683
685
688
694
697
703
721
722
724
726
732
786
787
793
839
844
868
910
920
921
991
997